 Iteration NO.           a           b         P_n |P_n - P_{n-1}|
------------------------------------------------------------------
             1    1.000000    2.000000    1.541544        -
             2    1.541544    2.000000    1.587987        0.046444
             3    1.587987    2.000000    1.591803        0.003816
             4    1.591803    2.000000    1.592115        0.000312
             5    1.592115    2.000000    1.592141        0.000025
             6    1.592141    2.000000    1.592143        0.000002
 
Approximate solution:   1.592143
