Itera           a           b         P_n  |Pn - Pn-1|/|Pn|
------------------------------------------------------------
       1    2.000000    3.000000    2.500000          -
       2  2.50000000  3.00000000  2.75000000          0.090909
       3  2.50000000  2.75000000  2.62500000          0.047619
       4  2.62500000  2.75000000  2.68750000          0.023256
       5  2.68750000  2.75000000  2.71875000          0.011494
       6  2.68750000  2.71875000  2.70312500          0.005780
       7  2.70312500  2.71875000  2.71093750          0.002882
       8  2.70312500  2.71093750  2.70703125          0.001443
       9  2.70312500  2.70703125  2.70507812          0.000722
      10  2.70507812  2.70703125  2.70605469          0.000361
      11  2.70605469  2.70703125  2.70654297          0.000180
      12  2.70605469  2.70654297  2.70629883          0.000090
 
Approximate root:   2.706299
