 Iteration NO.         P_{n-1}             P_n|P_{n-1} - P_n| / |P
--------------------------------------------------------------------------------
             1      0.50000000      0.80000000          0.37500000
             2      0.80000000      0.60975610          0.31200000
             3      0.60975610      0.72896791          0.16353506
             4      0.72896791      0.65299972          0.11633724
             5      0.65299972      0.70106137          0.06855555
             6      0.70106137      0.67047180          0.04562396
             7      0.67047180      0.68987763          0.02812939
             8      0.68987763      0.67753838          0.01821189
             9      0.67753838      0.68537359          0.01143203
            10      0.68537359      0.68039386          0.00731890
            11      0.68039386      0.68355700          0.00462747
            12      0.68355700      0.68154703          0.00294911
            13      0.68154703      0.68282394          0.00187003
            14      0.68282394      0.68201262          0.00118959
            15      0.68201262      0.68252807          0.00075520
            16      0.68252807      0.68220057          0.00048006
            17      0.68220057      0.68240864          0.00030490
            18      0.68240864      0.68227644          0.00019376
            19      0.68227644      0.68236043          0.00012309
            20      0.68236043      0.68230707          0.00007821
 
Approximate root:   0.682307
