 -------------------------------------------------------
         n        an exact_val      diff
 -------------------------------------------------------
         1         5      5.00      0.00
         2        12     12.00      0.00
         3        22     22.00      0.00
         4        35     35.00      0.00
         5        51     51.00      0.00
         6        70     70.00      0.00
         7        92     92.00      0.00
         8       117    117.00      0.00
         9       145    145.00      0.00
        10       176    176.00      0.00
        11       210    210.00      0.00
        12       247    247.00      0.00
        13       287    287.00      0.00
        14       330    330.00      0.00
        15       376    376.00      0.00
        16       425    425.00      0.00
        17       477    477.00      0.00
        18       532    532.00      0.00
        19       590    590.00      0.00
        20       651    651.00      0.00
        21       715    715.00      0.00
        22       782    782.00      0.00
        23       852    852.00      0.00
        24       925    925.00      0.00
        25      1001   1001.00      0.00
        26      1080   1080.00      0.00
        27      1162   1162.00      0.00
        28      1247   1247.00      0.00
        29      1335   1335.00      0.00
        30      1426   1426.00      0.00
        31      1520   1520.00      0.00
        32      1617   1617.00      0.00
        33      1717   1717.00      0.00
        34      1820   1820.00      0.00
        35      1926   1926.00      0.00
        36      2035   2035.00      0.00
        37      2147   2147.00      0.00
        38      2262   2262.00      0.00
        39      2380   2380.00      0.00
        40      2501   2501.00      0.00
        41      2625   2625.00      0.00
        42      2752   2752.00      0.00
        43      2882   2882.00      0.00
        44      3015   3015.00      0.00
        45      3151   3151.00      0.00
        46      3290   3290.00      0.00
        47      3432   3432.00      0.00
        48      3577   3577.00      0.00
        49      3725   3725.00      0.00
        50      3876   3876.00      0.00
 The recurrence values match the exact solution.
